4341.54981528
3117.58687366
3089.09009572
3072.15390731
3059.60515613
3050.11146014
3041.39662241
3032.94680742
3024.54586059
3016.75816637
3009.48256726
3002.51582795
2995.85635066
2989.92163125
2984.83160761
2980.43734814
2976.37066551
2972.6771797
2969.04245287
2965.72616738
2962.45333245
2959.5137017
2957.02931133
2954.59380285
2952.71051018
2951.06807931
2949.27796785
2947.44586657
2945.8603523
2944.31205336
2942.73776799
2941.16853418
2939.48267405
2937.50407757
2935.35172728
2933.13722505
2930.98283797
2928.92881291
2926.68871578
2924.49265719
2922.58300623
2920.52761475
2918.48429532
2916.60593706
2914.60526125
2912.44673346
2910.38231213
2908.37083391
2906.36637033
2904.32407433
2902.24438082
2900.12882655
2898.16284717
2896.36756244
2894.52078996
2892.69659841
2890.881514
2889.27531656
2887.74347884
2886.28177527
2885.09308995
2883.90758479
2882.72864721
2881.52111655
2880.19035097
2878.7993387
2877.53845399
2876.29515215
2875.38578728
2874.53767539
2873.80146388
2873.12362788
2872.42449651
2871.63019755
2870.8822063
2870.14278879
2869.40224805
2868.8035056
2868.2566597
2867.70970819
2867.09906457
2866.50514392
2865.84545823
2865.08725557
2864.36329935
2863.53542668
2862.63049851
2861.73448109
2860.82256423
2859.96870291
2859.25133578
2858.59001947
2857.91616428
2857.21853521
2856.46465382
2855.75704674
2855.0360804
2854.38106804
2853.71632736
2853.10251209
2852.47659799
2851.87123058
2851.34563876
2850.79121654
2850.15402148
2849.56019624
2849.0282146
2848.57462735
2848.21084158
2847.92812503
2847.64913354
2847.3881657
2847.05818247
2846.6954923
2846.34136224
2845.95250051
2845.54806527
2845.11797152
2844.62629906
2844.04958231
2843.43478593
2842.79358922
2842.08633998
2841.3237674
2840.59708203
2839.95171738
2839.34961935
2838.8106971
2838.32105143
2837.90798827
2837.54674516
2837.24646842
2837.00248014
2836.81630662
2836.60930886
2836.38037497
2836.15652371
2835.92530119
2835.75448604
2835.61189936
2835.46662285
2835.3227511
2835.17850934
2835.01691154
2834.89082757
2834.71742168
2834.5412945
2834.34603999
2834.10177771
2833.92975557
2833.86744082
2833.82622505
2833.87951086
